100
452499737900108357
145389999075157223
433078213697432591
992276442445664459
238160047061839627
659531387901652429
362766547627089761
112189304837548937
644567167137343651
488122696979699843
365351347957086769
271449718203490121
732768812795850629
998804068159057777
937675020759759769
388562323170463807
913392154406314087
278950958981532011
116435691535686199
217028261599037729
441029164945387757
338419716668165071
687230171213080993
609400819967563523
110852168970649369
303291580303307347
382348068031491119
271223073309624743
272269407126344083
929198479629751249
942504631090611709
976111426736750351
271262090218012277
114657615310054361
741909767361179051
908574601360859597
641059596365315251
806933370622454227
445224565374479309
679829209834398061
378645667668166537
649404644077449263
249938785089018107
626594281540176553
685205393776001353
577726870387697911
245278238338965659
609476679370327147
804508912712380067
920051835256040653
720028868231788321
509114892609098851
229460374522887241
373319052900289523
599966552980555181
276038377108208173
600835064505331823
378911733874955173
141521689028790559
771446112621967901
610387569726098741
693130370363620667
740815754512586033
628720034444458013
329180731730136619
621721895282663347
486183392272820861
495271993727685871
717635460309019547
199043829301198799
403330430021406089
262598696462814493
482222710933729541
642473245340502601
679311423697180081
131471537905406773
540265058288043331
852710900584480891
736596062311983899
671832224628438191
733364725647588467
483843505274474173
548998332336061469
602790603039911843
598654782448664219
919694679159925093
371201144700190423
738191610741668029
272898781483041521
631627797826262647
857297820857132077
789163615243805773
167933206908199511
716168532842293711
969483946735363261
815495598268642211
757908601105944979
610882149140166997
804780797784271391
426584060963670881
